0 0.5517578125 0.7197640117994101 0.091796875 0.061946902654867256
0 0.677734375 0.806047197640118 0.16015625 0.11061946902654868
0 0.44482421875 0.8458702064896755 0.1025390625 0.11651917404129794
0 0.2451171875 0.859882005899705 0.138671875 0.13569321533923304
0 0.2587890625 0.7249262536873157 0.0859375 0.09587020648967552
0 0.34326171875 0.605457227138643 0.0576171875 0.05752212389380531
0 0.58984375 0.5228613569321534 0.16796875 0.11356932153392331
0 0.443359375 0.6010324483775811 0.08203125 0.06932153392330384
0 0.39990234375 0.6880530973451328 0.0712890625 0.06047197640117994
0 0.3720703125 0.4830383480825959 0.091796875 0.11946902654867257
0 0.69091796875 0.644542772861357 0.1337890625 0.07374631268436578
0 0.73486328125 0.946165191740413 0.2294921875 0.08997050147492626
0 0.7890625 0.7595870206489675 0.07421875 0.058997050147492625
0 0.86083984375 0.8392330383480826 0.1103515625 0.08849557522123894
