0 0.40714285714285714 0.6662817551963048 0.19350649350649352 0.15011547344110854
0 0.4974025974025974 0.5727482678983834 0.12207792207792208 0.07852193995381063
0 0.687012987012987 0.6581986143187067 0.1974025974025974 0.12471131639722864
0 0.6935064935064935 0.8568129330254042 0.15584415584415584 0.23094688221709006
0 0.6220779220779221 0.5381062355658198 0.05974025974025974 0.04157043879907621
0 0.37077922077922076 0.44226327944572746 0.06623376623376623 0.057736720554272515
0 0.06688311688311688 0.45727482678983833 0.11298701298701298 0.09237875288683603
0 0.5305194805194805 0.30600461893764436 0.06623376623376623 0.03464203233256351
0 0.6798701298701298 0.3094688221709007 0.12857142857142856 0.046189376443418015
0 0.6350649350649351 0.38221709006928406 0.11688311688311688 0.04849884526558892
0 0.7422077922077922 0.4376443418013857 0.06363636363636363 0.07621247113163972
0 0.574025974025974 0.25981524249422633 0.10909090909090909 0.04387990762124711
0 0.40714285714285714 0.2817551963048499 0.05844155844155844 0.023094688221709007
