0 0.47 0.53375 0.23166666666666666 0.1525
0 0.5308333333333334 0.434375 0.17833333333333334 0.09375
0 0.71375 0.4975 0.11583333333333333 0.0575
0 0.7341666666666666 0.6775 0.2 0.11
0 0.22 0.655625 0.13666666666666666 0.10625
0 0.105 0.375625 0.10166666666666667 0.06125
0 0.32083333333333336 0.32625 0.08166666666666667 0.045
0 0.15416666666666667 0.275 0.07166666666666667 0.0425
0 0.09083333333333334 0.23875 0.15 0.0575
0 0.38916666666666666 0.176875 0.10166666666666667 0.03875
0 0.3416666666666667 0.218125 0.06 0.03375
0 0.43666666666666665 0.246875 0.05 0.02875
