0 0.427719 1.089144 0.071160 0.093738
0 0.525375 1.219708 0.124152 0.167389
0 0.344825 1.279968 0.079488 0.176316
0 0.190013 1.301170 0.107498 0.205330
0 0.200612 1.096956 0.066618 0.145070
0 0.266094 0.916176 0.044664 0.087042
0 0.457243 0.791192 0.130208 0.171853
0 0.343689 0.909480 0.063590 0.104897
0 0.310002 1.041160 0.055263 0.091506
0 0.288427 0.730932 0.071160 0.180780
0 0.535595 0.975320 0.103712 0.111593
0 0.569661 1.431734 0.177901 0.136143
0 0.611676 1.149404 0.057534 0.089274
0 0.667318 1.269924 0.085544 0.133911
